9
100000.000000 100001.000000 40.800000 81.600000 0.750000 0.250000 0.250000 0 0 0
100000.000000 -99901.000000 40.800000 81.600000 0.250000 0.250000 0.750000 0 0 0
100000.000000 50.000000 40.800000 100000.000000 0.750000 0.750000 0.750000 0 0 0
100000.000000 50.000000 40.800000 -99830.000000 0.000000 0.000000 0.000000 0 0 0
100000.000000 50.000000 100000.000000 81.600000 0.750000 0.750000 0.750000 0 0 0
100000.000000 50.000000 -99918.400000 81.600000 0.750000 0.750000 0.750000 0 0 0
16.500000 27.000000 16.500000 47.000000 0 0 0 0.999000 0.999000 0.999000
16.500000 73.000000 16.500000 78.000000 0 0 0 0.999000 0.999000 0.999000
600.000000 50.000000 681.330000 81.600000 0.000000 0.000000 0.000000 0 0 0
